Molecule: C1{1}=C{3}C1{=2} 
Soliton path: 1 - a - b - c - 2 
 
Timestep 0: 
   a  1  b  3  c  2   
a[[0. 1. 2. 0. 1. 0.] 
1 [1. 0. 0. 0. 0. 0.] 
b [2. 0. 0. 1. 1. 0.] 
3 [0. 0. 1. 0. 0. 0.] 
c [1. 0. 1. 0. 0. 2.] 
2 [0. 0. 0. 0. 2. 0.]] 

Timestep 1: 
   a  1  b  3  c  2   
a[[0. 2. 2. 0. 1. 0.] 
1 [2. 0. 0. 0. 0. 0.] 
b [2. 0. 0. 1. 1. 0.] 
3 [0. 0. 1. 0. 0. 0.] 
c [1. 0. 1. 0. 0. 2.] 
2 [0. 0. 0. 0. 2. 0.]] 

Timestep 2: 
   a  1  b  3  c  2   
a[[0. 2. 1. 0. 1. 0.] 
1 [2. 0. 0. 0. 0. 0.] 
b [1. 0. 0. 1. 1. 0.] 
3 [0. 0. 1. 0. 0. 0.] 
c [1. 0. 1. 0. 0. 2.] 
2 [0. 0. 0. 0. 2. 0.]] 

Timestep 3: 
   a  1  b  3  c  2   
a[[0. 2. 1. 0. 1. 0.] 
1 [2. 0. 0. 0. 0. 0.] 
b [1. 0. 0. 1. 2. 0.] 
3 [0. 0. 1. 0. 0. 0.] 
c [1. 0. 2. 0. 0. 2.] 
2 [0. 0. 0. 0. 2. 0.]] 

Timestep 4: 
   a  1  b  3  c  2   
a[[0. 2. 1. 0. 1. 0.] 
1 [2. 0. 0. 0. 0. 0.] 
b [1. 0. 0. 1. 2. 0.] 
3 [0. 0. 1. 0. 0. 0.] 
c [1. 0. 2. 0. 0. 1.] 
2 [0. 0. 0. 0. 1. 0.]] 

